1.964030E+07
1.733250E+07
1.690460E+07
1.648720E+07
1.568310E+07
1.491820E+07
1.454990E+07
1.419070E+07
1.384030E+07
1.349860E+07
1.284030E+07
1.252320E+07
1.221400E+07
1.161830E+07
1.105170E+07
1.051270E+07
1.000000E+07
9.512290E+06
9.048370E+06
8.607080E+06
8.187310E+06
7.788010E+06
7.408180E+06
7.046880E+06
6.703200E+06
6.592410E+06
6.376280E+06
6.065310E+06
5.769500E+06
5.488120E+06
5.220460E+06
4.965850E+06
4.723670E+06
4.493290E+06
4.065700E+06
3.678790E+06
3.328710E+06
3.166370E+06
3.011940E+06
2.865050E+06
2.725320E+06
2.592400E+06
2.465970E+06
2.385130E+06
2.365330E+06
2.345700E+06
2.306930E+06
2.231300E+06
1.901390E+06
1.636540E+06
1.405770E+06
1.336940E+06
1.286960E+06
1.162050E+06
1.051150E+06
9.511190E+05
8.600060E+05
7.065110E+05
5.784430E+05
4.940020E+05
4.560210E+05
4.125010E+05
3.838840E+05
3.206460E+05
2.678260E+05
2.300140E+05
1.950080E+05
1.649990E+05
1.400000E+05
1.227730E+05
1.156240E+05
9.466450E+04
8.229740E+04
6.737940E+04
5.516560E+04
4.991590E+04
4.086770E+04
3.697860E+04
3.345960E+04
2.928100E+04
2.739440E+04
2.610010E+04
2.499910E+04
2.269940E+04
1.858470E+04
1.620050E+04
1.489970E+04
1.360370E+04
1.113770E+04
9.118810E+03
7.465850E+03
6.112520E+03
5.004510E+03
4.097350E+03
3.481070E+03
2.996180E+03
2.700240E+03
2.397290E+03
2.084100E+03
1.811830E+03
1.586200E+03
1.343580E+03
1.134670E+03
1.064320E+03
9.824940E+02
9.096810E+02
8.322180E+02
7.485170E+02
6.772870E+02
6.468370E+02
6.128340E+02
6.000990E+02
5.929410E+02
5.771460E+02
5.392040E+02
5.017460E+02
4.539990E+02
4.190940E+02
3.907610E+02
3.717030E+02
3.535750E+02
3.353230E+02
3.199280E+02
2.959220E+02
2.883270E+02
2.848880E+02
2.764680E+02
2.682970E+02
2.567480E+02
2.417960E+02
2.355910E+02
2.243250E+02
2.121080E+02
2.009580E+02
1.959960E+02
1.930780E+02
1.902040E+02
1.888770E+02
1.875590E+02
1.862510E+02
1.849520E+02
1.832950E+02
1.752290E+02
1.675190E+02
1.630560E+02
1.541760E+02
1.466570E+02
1.395040E+02
1.327010E+02
1.262290E+02
1.205540E+02
1.175770E+02
1.165240E+02
1.154800E+02
1.128540E+02
1.102880E+02
1.056460E+02
1.030380E+02
1.021150E+02
1.016050E+02
1.010970E+02
1.005940E+02
9.732890E+01
9.332570E+01
8.877420E+01
8.393950E+01
7.936800E+01
7.633230E+01
7.355960E+01
7.188700E+01
6.906830E+01
6.682620E+01
6.649300E+01
6.616130E+01
6.583130E+01
6.550300E+01
6.504610E+01
6.459230E+01
6.363070E+01
6.230840E+01
5.992510E+01
5.705950E+01
5.406000E+01
5.298960E+01
5.178480E+01
4.925920E+01
4.751740E+01
4.620540E+01
4.529040E+01
4.417220E+01
4.312470E+01
4.214410E+01
4.122710E+01
3.972960E+01
3.878740E+01
3.779190E+01
3.730380E+01
3.685890E+01
3.641920E+01
3.605680E+01
3.569800E+01
3.453920E+01
3.308550E+01
3.169300E+01
2.788520E+01
2.465790E+01
2.253560E+01
2.237840E+01
2.215570E+01
2.200120E+01
2.170180E+01
2.148590E+01
2.133600E+01
2.122960E+01
2.114480E+01
2.106040E+01
2.097630E+01
2.076760E+01
2.068470E+01
2.060220E+01
2.051990E+01
2.041760E+01
2.027510E+01
2.007340E+01
1.959740E+01
1.939270E+01
1.919970E+01
1.908490E+01
1.795910E+01
1.775900E+01
1.756480E+01
1.744570E+01
1.683050E+01
1.655020E+01
1.604980E+01
1.577930E+01
1.486630E+01
1.473010E+01
1.459520E+01
1.447030E+01
1.425060E+01
1.404960E+01
1.354610E+01
1.332970E+01
1.260000E+01
1.247210E+01
1.230860E+01
1.213020E+01
1.197950E+01
1.181530E+01
1.170940E+01
1.158950E+01
1.126940E+01
1.105290E+01
1.080380E+01
1.057930E+01
9.500030E+00
9.140320E+00
8.979960E+00
8.800380E+00
8.673700E+00
8.524090E+00
8.300340E+00
8.130280E+00
7.970090E+00
7.839660E+00
7.739950E+00
7.600360E+00
7.380160E+00
7.139880E+00
6.994300E+00
6.917780E+00
6.870220E+00
6.835270E+00
6.810700E+00
6.791660E+00
6.776060E+00
6.759820E+00
6.742270E+00
6.716690E+00
6.631260E+00
6.606120E+00
6.588310E+00
6.571850E+00
6.556100E+00
6.539070E+00
6.514920E+00
6.481780E+00
6.432070E+00
6.359790E+00
6.280160E+00
6.160120E+00
6.059920E+00
5.960150E+00
5.800220E+00
5.720160E+00
5.619800E+00
5.530040E+00
5.488180E+00
5.410250E+00
5.380040E+00
5.320120E+00
5.210080E+00
5.109980E+00
4.933240E+00
4.767850E+00
4.419810E+00
4.309820E+00
4.219830E+00
4.000000E+00
3.882180E+00
3.712090E+00
3.543080E+00
3.142110E+00
2.884050E+00
2.775130E+00
2.740920E+00
2.719900E+00
2.700120E+00
2.640040E+00
2.620060E+00
2.590100E+00
2.550010E+00
2.469950E+00
2.330060E+00
2.272990E+00
2.217090E+00
2.156950E+00
2.070100E+00
1.989920E+00
1.900080E+00
1.779970E+00
1.668950E+00
1.588030E+00
1.519980E+00
1.443970E+00
1.410010E+00
1.380980E+00
1.330950E+00
1.293040E+00
1.250940E+00
1.213970E+00
1.169990E+00
1.147970E+00
1.129980E+00
1.116050E+00
1.103950E+00
1.091980E+00
1.077990E+00
1.034990E+00
1.021010E+00
1.009040E+00
9.965030E-01
9.819610E-01
9.639610E-01
9.440240E-01
9.199790E-01
8.800260E-01
8.200380E-01
7.200000E-01
6.249990E-01
5.949930E-01
5.549910E-01
5.200120E-01
4.750180E-01
4.315790E-01
3.900020E-01
3.529940E-01
3.250080E-01
3.050120E-01
2.799890E-01
2.549970E-01
2.311930E-01
2.096110E-01
1.900050E-01
1.618950E-01
1.380000E-01
1.199950E-01
1.042980E-01
8.979700E-02
7.649690E-02
6.519940E-02
5.549820E-02
4.730190E-02
4.030000E-02
3.439980E-02
2.929890E-02
2.493940E-02
2.001040E-02
1.483000E-02
1.045050E-02
7.145270E-03
4.556030E-03
2.499900E-03
0
